#data = [currenthalo, BH['iord'][i], gettime(s),getz(s), BH['mass'][i], BH['r'][i], starmass, gasmass, virialmass]
3, 89422247, 1.2972938979674051, 4.812711810726945, 336366.94554695091, 0.4485558963330854, 1138640.5579196694, 162315538.7201281, 1279704016.5352855
11, 89422741, 1.2972938979674051, 4.812711810726945, 50903.339772478961, 0.0039847290391087425, 530170.4170938717, 25023727.456454232, 447342272.09843284
16, 89425759, 1.2972938979674051, 4.812711810726945, 162175.25260209254, 0.00059566912342089195, 214593.76486684533, 1879917.370326283, 278650845.1920628
5, 89422247, 1.6255656432695071, 3.9960574320227122, 336955.23621313227, 0.31127265899532003, 2167152.595867333, 178514256.35670662, 1419316749.1472137
10, 89422741, 1.6255656432695071, 3.9960574320227122, 51503.367560351566, 0.007021447416006096, 540721.2515175404, 35086753.434914656, 574899004.5012753
17, 89425759, 1.6255656432695071, 3.9960574320227122, 162175.65332321549, 0.0012596014588015186, 213575.4259892668, 477248.17658835906, 270599681.2290823
4, 89422247, 1.7260569938707229, 3.798502642483312, 337089.39764509618, 0.46194373441586767, 2616686.433597589, 180533905.45553443, 1451439804.8973842
10, 89422741, 1.7260569938707229, 3.798502642483312, 51544.449489876468, 0.0019031910512261579, 546726.5668051518, 38194241.054502614, 616691751.5755594
23, 89425759, 1.7260569938707229, 3.798502642483312, 162175.79758281974, 0.0011981401874776841, 213326.04014119427, 331866.3331609243, 209527730.4521626
7, 89422247, 2.1548200897689984, 3.1314752809395037, 338824.48804978258, 0.26047304341191541, 3658777.818812666, 130162989.15425614, 1517935596.8627014
11, 89422741, 2.1548200897689984, 3.1314752809395037, 51724.645764444911, 0.0082602316365171808, 604555.4413269891, 33033268.864520356, 736405302.4771433
67, 89425759, 2.1548200897689984, 3.1314752809395037, 162181.00695741811, 0.00013080452876489013, 212471.06806498495, 0.0, 98166166.84456608
7, 89422247, 2.262010863743585, 2.9979038045544586, 339227.19674950308, 0.24424956642810372, 3631295.0890309615, 112234894.24043705, 1539598445.8802342
11, 89422741, 2.262010863743585, 2.9979038045544586, 51769.895193648495, 0.0043146177199561327, 600230.8303854195, 26852422.365979604, 753466316.4798592
121, 89425759, 2.262010863743585, 2.9979038045544586, 162181.58399583516, 0.00058549386963414852, 212019.8742069121, 0.0, 50021467.5157597
7, 89422247, 2.583583185669741, 2.6528623001835006, 340517.32641926513, 0.40830613693999102, 3814084.5945008257, 76528152.94254744, 1610913694.4315572
13, 89422741, 2.583583185669741, 2.6528623001835006, 51994.427253260197, 0.010668035826075995, 591952.7995464904, 14577588.255320968, 776372200.3119273
465, 89425759, 2.583583185669741, 2.6528623001835006, 162199.72864828235, 0.00075716462318419072, 211303.00694027366, 0.0, 10642112.716310648
2, 89425759, 3.012346281572668, 2.289125928489568, 162211.94262810989, 2.0511570442461, 9668713.600294229, 299009188.38672614, 4304563906.813385
8, 89422247, 3.012346281572668, 2.289125928489568, 341271.45151496842, 0.2724642540378705, 3713321.3682784745, 46105901.0762742, 1673468670.9602249
9, 89422741, 3.012346281572668, 2.289125928489568, 52087.903469610894, 0.0033376992206651185, 584620.3311506029, 14101182.12842918, 1098724020.4610605
7, 89422247, 3.8698724733724617, 1.7660454542582111, 341506.754958365, 0.22294980944300921, 3606611.193114937, 35235263.49069514, 2129579784.8020358
11, 89422741, 3.8698724733724617, 1.7660454542582111, 52087.903469610894, 0.0035573426256385451, 574643.8593286846, 6362640.302338865, 1269285065.330355
2568, 89425759, 3.8698724733724617, 1.7660454542582111, 162228.53248260004, 0.0024304062869607433, 208206.6172603785, 0.0, 1713546.9712308156
3, 89425759, 3.903369590239607, 1.7494470750299072, 162228.54851144497, 3.096460948789546, 11070107.304395555, 182107123.70606357, 4813806125.92666
7, 89422247, 3.903369590239607, 1.7494470750299072, 341506.78701605485, 0.20157126871637637, 3603561.839485633, 35089438.10339501, 2177042294.3539414
11, 89422741, 3.903369590239607, 1.7494470750299072, 52087.903469610894, 0.008704625639798156, 574330.925121329, 6602394.029301621, 1285876765.2779663
3, 89425759, 4.298635569270686, 1.5694666434945104, 162231.28944392595, 3.4475400020308244, 10847120.530341486, 166546740.45418364, 5043939419.036073
6, 89422247, 4.298635569270686, 1.5694666434945104, 341517.59045752959, 0.19523509632976269, 3571383.5484012747, 38184829.29832839, 2425196231.437862
11, 89422741, 4.298635569270686, 1.5694666434945104, 52087.903469610894, 0.0060574758433187235, 570934.0309145728, 7183824.522856908, 1438773928.145439
3, 89425759, 4.469470865292553, 1.4996476628885964, 162238.63065489841, 2.0394717427378075, 10785699.11960525, 167333244.31702185, 5153501941.239842
6, 89422247, 4.469470865292553, 1.4996476628885964, 341517.59045752959, 0.20334740365887094, 3559270.8359670546, 36638298.11661383, 2518447386.651745
11, 89422741, 4.469470865292553, 1.4996476628885964, 52087.903469610894, 0.0074884745135417345, 569612.0743452962, 6074999.925828075, 1494147348.8558643
3, 89425759, 4.727398665168711, 1.4019186731979194, 162240.60220282333, 1.1196286484968603, 10830282.868954051, 168010500.08623958, 5301354148.363953
7, 89422247, 4.727398665168711, 1.4019186731979194, 341517.59045752959, 0.18157403690236387, 3542606.8913032045, 28533233.784517378, 2593492382.5328374
11, 89422741, 4.727398665168711, 1.4019186731979194, 52087.903469610894, 0.011889889830750594, 567755.0605787005, 4898517.028793402, 1553109354.3255901
3, 89425759, 5.1561617610770725, 1.256851805422384, 162252.44751921773, 2.7550847770047189, 10706280.761163317, 180796983.61763397, 5553625517.191886
7, 89422247, 5.1561617610770725, 1.256851805422384, 341517.59045752959, 0.17028651010927207, 3528658.205669341, 25580132.835987475, 2727571252.292221
11, 89422741, 5.1561617610770725, 1.256851805422384, 52087.903469610894, 0.0081840396631313681, 565226.5475004643, 2979520.9210002506, 1651872452.6720512
3, 89425759, 5.179609742885725, 1.2494677632685023, 162252.46354806266, 3.0790282698196467, 10700690.158677565, 181731915.7374881, 5568169529.875253
7, 89422247, 5.179609742885725, 1.2494677632685023, 341517.59045752959, 0.15534074932160385, 3527438.2344885827, 25476932.056045875, 2732735522.7799954
11, 89422741, 5.179609742885725, 1.2494677632685023, 52087.903469610894, 0.0096404265888284466, 565172.1914959037, 2867298.09519272, 1656222910.1679392
4, 89425759, 5.584924856992905, 1.1295898006944163, 162256.93559579478, 3.4532061461524162, 10723479.065378405, 184141058.49648872, 5785538753.05543
8, 89422247, 5.584924856992905, 1.1295898006944163, 341517.59045752959, 0.036142482923885895, 3507826.0944705047, 19085160.659276586, 2795250077.2205796
11, 89422741, 5.584924856992905, 1.1295898006944163, 52087.903469610894, 0.0080149771945858938, 564338.7418381446, 2117005.4774003197, 1718902563.7060664
4, 89425759, 6.013687952908709, 1.0166981539628894, 162264.72561442494, 2.1039371756388796, 10847377.506473754, 179322336.53558096, 6067684535.745277
8, 89422247, 6.013687952908709, 1.0166981539628894, 341517.59045752959, 0.01023552696408731, 3489844.21196934, 17952553.153903224, 2856477861.350108
11, 89422741, 6.013687952908709, 1.0166981539628894, 52087.903469610894, 0.0033521281392665117, 563635.4856279613, 2356914.202855144, 1796953211.7199244
4, 89425759, 6.084031898330907, 0.9993614554652239, 162267.3543449915, 1.5623384909352154, 10830763.280406654, 173835648.07592767, 6112383667.784668
8, 89422247, 6.084031898330907, 0.9993614554652239, 341517.59045752959, 0.11513224687334442, 3487121.2259403807, 18262226.821837477, 2875188596.979006
11, 89422741, 6.084031898330907, 0.9993614554652239, 52087.903469610894, 0.011801963207896246, 563533.0019364655, 2521929.5599044315, 1809793623.2375557
4, 89425759, 6.442451048812736, 0.9155935527469601, 162272.2271138466, 2.2516021703654188, 10866722.977213008, 166445085.13442644, 6360837012.74455
9, 89422247, 6.442451048812736, 0.9155935527469601, 341517.59045752959, 0.023259276705176742, 3474303.108914203, 17555533.99405632, 2985051654.868788
11, 89422741, 6.442451048812736, 0.9155935527469601, 52087.903469610894, 0.0025137885482521254, 563074.6438891069, 2768751.736363152, 1873071118.7799594
4, 89425759, 6.87121414472478, 0.8242930325776419, 162275.72140203873, 3.2328973597011892, 10880859.856074963, 170213014.38528597, 6597307397.129152
9, 89422247, 6.87121414472478, 0.8242930325776419, 341517.59045752959, 0.010508105015350998, 3461898.6341070547, 15953213.671887616, 3044236694.456954
11, 89422741, 6.87121414472478, 0.8242930325776419, 52087.903469610894, 0.011228934094811989, 562668.6639275443, 3136066.1225952385, 1930054810.410782
4, 89425759, 7.299977240632852, 0.7412475289787332, 162279.44009405971, 2.9819379504749173, 10865092.91858526, 171669541.81907588, 6806158747.370079
9, 89422247, 7.299977240632852, 0.7412475289787332, 341517.59045752959, 0.0046752162700870823, 3452316.117138007, 17162016.60204915, 3121289082.7949934
11, 89422741, 7.299977240632852, 0.7412475289787332, 52087.903469610894, 0.016994007931904215, 562385.3570051077, 3453916.364728289, 1969770997.6722543
4, 89425759, 7.728740336534077, 0.6652282905876434, 162292.00670847544, 1.7032607129993387, 10887413.782873612, 177114810.5518166, 6979818147.932184
10, 89422247, 7.728740336534077, 0.6652282905876434, 341517.59045752959, 0.017525818550050042, 3445317.613717545, 15092744.065275457, 3183303010.3649917
11, 89422741, 7.728740336534077, 0.6652282905876434, 52087.903469610894, 0.0091584032395556694, 562264.1736311031, 3839761.92053204, 2028671832.7067652
4, 89425759, 8.157503432432808, 0.5952474504466703, 162298.03355416461, 2.5531835018397335, 10987885.861516895, 179832635.88875374, 7122320040.759774
10, 89422247, 8.157503432432808, 0.5952474504466703, 341517.59045752959, 0.0049851531560071603, 3440903.3531802446, 14533502.515374644, 3236891642.5093307
11, 89422741, 8.157503432432808, 0.5952474504466703, 52087.903469610894, 0.010193934926368916, 562234.0560732821, 3779133.1821034, 2104890632.8493161
4, 89425759, 8.586266528334022, 0.5305012792429633, 162315.10427400231, 1.5878823402223714, 11064793.641811883, 182739923.81692466, 7262463389.428236
10, 89422247, 8.586266528334022, 0.5305012792429633, 341517.59045752959, 0.011778729877094125, 3439546.393104324, 14098567.141532728, 3259914680.824456
12, 89422741, 8.586266528334022, 0.5305012792429633, 52087.903469610894, 0.021672445234449191, 562221.540222093, 3747900.0577499736, 2174964286.4371595
5, 89425759, 8.800648076283196, 0.49987997557002717, 162321.19523507115, 1.4115587034525761, 11141434.616551563, 185508766.58870557, 7342247751.17791
10, 89422247, 8.800648076283196, 0.49987997557002717, 341517.59045752959, 0.010536338955018185, 3439405.043956361, 13904060.855695888, 3270237433.2731857
11, 89422741, 8.800648076283196, 0.49987997557002717, 52087.903469610894, 0.0090079299057813939, 562216.885580146, 4178047.8182294923, 2212841436.0475183
5, 89425759, 9.015029624232525, 0.47032886580152833, 162331.87044578657, 2.2022748571292268, 11149408.645194355, 182381211.42655832, 7410878286.384977
10, 89422247, 9.015029624232525, 0.47032886580152833, 341517.59045752959, 0.0063422004435878601, 3439325.7138843904, 14243953.270985637, 3278330415.261153
11, 89422741, 9.015029624232525, 0.47032886580152833, 52087.907476822125, 0.022007825532152355, 562212.8230975773, 4586584.767690705, 2250856834.591652
5, 89425759, 9.443792720132475, 0.4141815165472027, 162363.73578948359, 2.111200553068084, 11272709.757796884, 176008131.74956214, 7515297667.029516
10, 89422247, 9.443792720132475, 0.4141815165472027, 341517.59045752959, 0.0063881689764221676, 3439243.3308183635, 13946886.136053134, 3286958735.0985546
11, 89422741, 9.443792720132475, 0.4141815165472027, 52087.907476822125, 0.019208493288790283, 562206.203920325, 4865681.948306313, 2321167555.6028476
5, 89425759, 9.87255581604662, 0.36159974591648303, 162375.388759739, 1.782555583700268, 11345394.872638894, 179982304.77651927, 7615213391.165548
10, 89422247, 9.87255581604662, 0.36159974591648303, 341517.59045752959, 0.0078217144975598531, 3439183.059590861, 16973617.965562776, 3333327219.4147377
11, 89422741, 9.87255581604662, 0.36159974591648303, 52087.907476822125, 0.0034466081434328922, 562200.9250613102, 4749715.776173323, 2387040110.1995773
5, 89425759, 10.301318911979887, 0.31219573551789903, 162400.18538282719, 2.5384873638541241, 11513299.015427932, 176212069.07154998, 7697508710.952052
10, 89422247, 10.301318911979887, 0.31219573551789903, 341517.59045752959, 0.018432694605369986, 3439136.5019637225, 21677242.354500897, 3389612017.1626287
11, 89422741, 10.301318911979887, 0.31219573551789903, 52087.907476822125, 0.013613155537307202, 562196.1182392555, 3918332.7597784447, 2442226033.778535
5, 89425759, 10.730082007913145, 0.26563979476639665, 162416.26231427997, 1.5420531830788742, 11591335.295153867, 163155430.27667794, 7742152672.163446
10, 89422247, 10.730082007913145, 0.26563979476639665, 341517.59045752959, 0.024951729771609411, 3439096.6469765333, 24107299.84337788, 3441431852.162407
11, 89422741, 10.730082007913145, 0.26563979476639665, 52087.907476822125, 0.0061267271363943821, 562191.7235494838, 3120943.7896902915, 2489905928.4500256
5, 89425759, 10.880819033827178, 0.24989531685596078, 162433.47729372192, 2.2091589848951041, 11611544.865926921, 161365847.25671625, 7765387934.505431
10, 89422247, 10.880819033827178, 0.24989531685596078, 341517.59045752959, 0.014612147860018599, 3439083.5534608, 24696829.707073398, 3463795517.680947
11, 89422741, 10.880819033827178, 0.24989531685596078, 52087.907476822125, 0.024726126128626843, 562190.2612147954, 2880038.928188283, 2509993777.7028165
5, 89425759, 11.15884510384639, 0.2216497909998738, 162458.97918598651, 1.9532723702298327, 11671101.137884462, 165342026.70466703, 7816135846.784607
10, 89422247, 11.15884510384639, 0.2216497909998738, 341517.59045752959, 0.013215398585515648, 3439060.7001942797, 25624357.592978753, 3514385932.798557
11, 89422741, 11.15884510384639, 0.2216497909998738, 52087.907476822125, 0.019386527935728447, 562187.6842805645, 3087891.6259231386, 2601720992.706598
5, 89425759, 11.587608199779657, 0.17998281184861242, 162494.88379860288, 1.6873948376179, 11757230.020729192, 165119819.37148476, 7893504814.169668
10, 89422247, 11.587608199779657, 0.17998281184861242, 341517.59045752959, 0.016720721412949432, 3439028.18032898, 27734354.517733768, 3577595397.499778
11, 89422741, 11.587608199779657, 0.17998281184861242, 52087.911484033357, 0.025733525822868752, 562183.963600591, 1425989.6022848776, 2807163279.99769
5, 89425759, 12.016371295712915, 0.14042852559990648, 162570.62009084056, 1.2870572763855432, 11835670.051468056, 164482713.821245, 7978630654.462007
10, 89422741, 12.016371295712915, 0.14042852559990648, 52087.911484033357, 0.014953776837943536, 562180.519089476, 5123733.030765049, 3563477910.5826645
11, 89422247, 12.016371295712915, 0.14042852559990648, 341517.59045752959, 0.026543656953225341, 3438998.35930479, 28649890.957650278, 3613226983.4323597
5, 89425759, 12.1905563034358, 0.12492030803500431, 162584.64533014383, 1.1160752383798374, 11887073.372723145, 164716152.54627573, 8015156898.570031
10, 89422247, 12.1905563034358, 0.12492030803500431, 341517.59045752959, 0.026278660058206407, 3438986.937923168, 28778871.90838624, 3633877871.681107
11, 89422741, 12.1905563034358, 0.12492030803500431, 52087.911484033357, 0.021402233858400604, 562179.1902763178, 3671728.41788928, 3424233975.8684697
5, 89425759, 12.445134391646183, 0.10280384730919478, 162616.7190488248, 1.0383845039170541, 11940315.101355202, 165487089.7250085, 8074822567.242772
10, 89422247, 12.445134391646183, 0.10280384730919478, 341517.59045752959, 0.018949353951475057, 3438970.909281741, 28953443.962815594, 3664405684.3132815
11, 89422741, 12.445134391646183, 0.10280384730919478, 52087.911484033357, 0.011550779851744778, 562177.321820163, 3846147.1006917125, 3236966875.4213915
5, 89425759, 12.873897487579418, 0.06694861916381578, 162673.65350597363, 1.2346865614836677, 12028552.556584015, 165282561.24040493, 8159851257.385096
10, 89422247, 12.873897487579418, 0.06694861916381578, 341517.59045752959, 0.022546537792554507, 3438945.5551866964, 28688686.02663782, 3694174439.3241262
11, 89422741, 12.873897487579418, 0.06694861916381578, 52087.911484033357, 0.016469477288577554, 562174.3473110963, 2813567.7571208877, 3056745504.5966187
5, 89425759, 13.302660583512695, 0.032722086048404986, 162785.61498772603, 0.94458718475402659, 12136702.625427099, 163514788.30256245, 8238627431.483119
10, 89422247, 13.302660583512695, 0.032722086048404986, 341517.59045752959, 0.0051208573336950624, 3438922.064664019, 27520712.283174515, 3713987955.873357
11, 89422741, 13.302660583512695, 0.032722086048404986, 52087.911484033357, 0.01705312297358455, 562171.5761053867, 2150972.5509804217, 2973469028.6976113
5, 89425759, 13.731423679445971, -1.4263479286569236e-11, 162948.33982133382, 0.95902750231094336, 12220948.913345324, 161456654.90324464, 8289786730.228455
10, 89422247, 13.731423679445971, -1.4263479286569236e-11, 341517.59045752959, 0.0078358173744819265, 3438900.2364296084, 26972924.40594302, 3734941202.197168
11, 89422741, 13.731423679445971, -1.4263479286569236e-11, 52087.915491244588, 0.0070689975830763576, 562168.9829701261, 1579818.3043675516, 2913869879.7477484
