13, 243771992, 0.9757215760390203, 6.033793373661438, 124280.78711990142, 0.055792345065829925
18, 243770516, 0.9757215760390203, 6.033793373661438, 52603.234840936653, 0.010272056961073268
46, 243778457, 0.9757215760390203, 6.033793373661438, 47361.946812346512, 0.0038086876588444246
12, 243778457, 1.2972938979635193, 4.812711810738614, 47441.650243701391, 2.5553780071925649
16, 243770516, 1.2972938979635193, 4.812711810738614, 53031.665829539328, 0.044534084772402477
17, 243771992, 1.2972938979635193, 4.812711810738614, 126287.35807096447, 0.10442543749477477
16, 243778457, 1.6188662198900368, 4.009946649482074, 47530.642390686276, 0.34789562510163324
23, 243770516, 1.6188662198900368, 4.009946649482074, 53225.518679977933, 0.16263513872493629
24, 243771992, 1.6188662198900368, 4.009946649482074, 126385.6870201141, 0.161064560484763
17, 243778457, 1.940438541815798, 3.43453975563951, 47636.392695032948, 0.20812484362953668
23, 243771992, 1.940438541815798, 3.43453975563951, 126525.45053337683, 0.1570012138862987
26, 243770516, 1.940438541815798, 3.43453975563951, 53360.168991711813, 0.14199226969884937
20, 243778457, 2.2620108637409113, 2.9979038045576605, 47696.380647138656, 0.13343033152897407
24, 243770516, 2.2620108637409113, 2.9979038045576605, 53510.527571465347, 0.21221478967469792
68, 243771992, 2.2620108637409113, 2.9979038045576605, 126849.95449874226, 0.071984891527735642
18, 243778457, 2.5835831856765124, 2.652862300176985, 47745.653316416669, 0.103786232263182
23, 243770516, 2.5835831856765124, 2.652862300176985, 53657.071286128397, 0.073174186999476268
63, 243771992, 2.5835831856765124, 2.652862300176985, 127156.63438855884, 0.025465746378217444
3, 243771992, 2.9051555076165734, 2.371793050516793, 127366.87673292613, 2.3977744788599735
19, 243778457, 2.9051555076165734, 2.371793050516793, 47797.891322004514, 0.32198664635778634
22, 243770516, 2.9051555076165734, 2.371793050516793, 53935.820913675328, 0.071862904715610229
2, 243771992, 3.2267278295642217, 2.1373592677768563, 127689.63355419549, 0.4683519100695327
14, 243778457, 3.2267278295642217, 2.1373592677768563, 47904.487147920612, 0.22882782278525282
22, 243770516, 3.2267278295642217, 2.1373592677768563, 54228.034770953396, 0.12035104401826302
3, 243771992, 3.548300151502446, 1.9380846911258844, 128018.28097597223, 0.92720505957628696
13, 243778457, 3.548300151502446, 1.9380846911258844, 47975.050130460993, 0.25317510335386784
21, 243770516, 3.548300151502446, 1.9380846911258844, 54428.134863698797, 0.016225228746636216
3, 243771992, 3.869872473448025, 1.7660454542205075, 128239.32676181427, 0.60922525030622687
14, 243778457, 3.869872473448025, 1.7660454542205075, 48043.505319894655, 0.33387835159866358
22, 243770516, 3.869872473448025, 1.7660454542205075, 54538.830066702685, 0.037472271091469583
4, 243771992, 4.191444795379286, 1.6155799884237672, 128434.27758812976, 1.1204009657085532
14, 243778457, 4.191444795379286, 1.6155799884237672, 48120.572006260518, 0.35515557105337175
21, 243770516, 4.191444795379286, 1.6155799884237672, 54653.885115524266, 0.020469641929860904
5, 243771992, 4.513017117305886, 1.4825267927991086, 128703.43395199324, 0.256032243575187
15, 243778457, 4.513017117305886, 1.4825267927991086, 48219.249582787117, 0.41588550047458273
20, 243770516, 4.513017117305886, 1.4825267927991086, 54724.977049946945, 0.044366013807115599
5, 243771992, 4.834589439230397, 1.3637530585840465, 128870.23011221022, 0.91448860273861099
16, 243778457, 4.834589439230397, 1.3637530585840465, 48327.724790769855, 0.15661532534136291
21, 243770516, 4.834589439230397, 1.3637530585840465, 54785.882653424211, 0.0099829512770273857
5, 243771992, 5.156161761179381, 1.2568518053900513, 129182.72045830959, 0.25668972803881984
15, 243778457, 5.156161761179381, 1.2568518053900513, 48487.540389025031, 0.24313125747668626
22, 243770516, 5.156161761179381, 1.2568518053900513, 54847.329230417461, 0.012302450543493418
5, 243771992, 5.477734083129257, 1.1599408588869475, 129370.83498226754, 1.168454238606774
15, 243778457, 5.477734083129257, 1.1599408588869475, 48628.177474335789, 0.10532147593082457
22, 243770516, 5.477734083129257, 1.1599408588869475, 54891.396532308347, 0.027171148492845919
6, 243771992, 5.7993064050790375, 1.0715256362287557, 129824.09865885947, 0.7635942495250666
15, 243778457, 5.7993064050790375, 1.0715256362287557, 48759.75826226786, 0.19063848734723779
22, 243770516, 5.7993064050790375, 1.0715256362287557, 54921.899424187352, 0.028299061910939179
5, 243771992, 6.120878727028808, 0.9904031745777686, 130066.10215943182, 0.30558982120198847
15, 243778457, 6.120878727028808, 0.9904031745777686, 48882.563257607311, 0.15924921938692149
23, 243770516, 6.120878727028808, 0.9904031745777686, 54960.797423592165, 0.021999528583743898
5, 243771992, 6.442451048978675, 0.9155935527098402, 130281.16918611943, 1.2822759041524558
15, 243778457, 6.442451048978675, 0.9155935527098402, 48991.980160228988, 0.39948167889823177
23, 243770516, 6.442451048978675, 0.9155935527098402, 55001.5307257401, 0.017535395081868532
5, 243771992, 6.764023370928624, 0.8462899480554098, 130528.10957092654, 1.3413305461792644
15, 243778457, 6.764023370928624, 0.8462899480554098, 49101.56135851107, 0.47923559128134657
23, 243770516, 6.764023370928624, 0.8462899480554098, 55051.929421373599, 0.029312259587011249
5, 243771992, 7.0855956928787025, 0.7818216440833516, 130955.45460528601, 0.87544025754678445
15, 243778457, 7.0855956928787025, 0.7818216440833516, 49201.216694577663, 0.52647114229605518
23, 243770516, 7.0855956928787025, 0.7818216440833516, 55118.873892173739, 0.018560053692735144
6, 243771992, 7.407168014827482, 0.72162621019472, 131495.77895305021, 0.77795734020466401
12, 243778457, 7.407168014827482, 0.72162621019472, 49293.142120182543, 0.44661562679344868
20, 243770516, 7.407168014827482, 0.72162621019472, 55184.992877460594, 0.029601386811156018
6, 243771992, 7.728740336776381, 0.6652282905464735, 131695.40218765929, 1.4144509496956015
11, 243778457, 7.728740336776381, 0.6652282905464735, 49404.258080365529, 0.4980587891598991
18, 243770516, 7.728740336776381, 0.6652282905464735, 55252.56648042376, 0.072652036177738369
8, 243771992, 8.050312658726288, 0.612223229043662, 131843.30033971791, 0.93784573463175125
13, 243778457, 8.050312658726288, 0.612223229043662, 49497.165272721635, 0.24089349101730834
17, 243770516, 8.050312658726288, 0.612223229043662, 55332.578467043313, 0.036628984770008484
11, 243771992, 8.371884980676182, 0.5622642834427216, 131925.7206602864, 1.249620548442258
15, 243778457, 8.371884980676182, 0.5622642834427216, 49626.798555996167, 0.077706998731063778
17, 243770516, 8.371884980676182, 0.5622642834427216, 55429.921642230482, 0.016892517203833828
11, 243771992, 8.693457302625982, 0.5150525375497601, 132011.18646138933, 1.7465013605137485
16, 243770516, 8.693457302625982, 0.5150525375497601, 55538.280641087564, 0.036809340808671424
25, 243778457, 8.693457302625982, 0.5150525375497601, 49743.789087841607, 0.3804284175297768
11, 243771992, 9.015029624575638, 0.4703288657550544, 132120.71155871419, 2.1751313717803225
16, 243770516, 9.015029624575638, 0.4703288657550544, 55662.187619515134, 0.050621279388961507
43, 243778457, 9.015029624575638, 0.4703288657550544, 49845.21561127164, 0.3297479514637931
11, 243771992, 9.33660194652551, 0.42786747573104655, 132162.16215167221, 1.9335375114498747
16, 243770516, 9.33660194652551, 0.42786747573104655, 55808.583067362692, 0.020456874845253228
25, 243778457, 9.33660194652551, 0.42786747573104655, 49944.169685373075, 0.27859415902009776
11, 243771992, 9.658174268475348, 0.3874706768970875, 132204.28595611677, 1.8602348540160398
16, 243770516, 9.658174268475348, 0.3874706768970875, 55995.908170708433, 0.02807551203846502
26, 243778457, 9.658174268475348, 0.3874706768970875, 50020.911787629353, 0.49384141748705102
11, 243771992, 9.979746590424597, 0.34896460982145094, 132225.25168526956, 2.5762545144022591
16, 243770516, 9.979746590424597, 0.34896460982145094, 56204.138895038501, 0.026745266096547485
36, 243778457, 9.979746590424597, 0.34896460982145094, 50141.236319217744, 0.6409200819205858
2, 243778457, 10.301318912373992, 0.3121957354738436, 50182.903301582148, 2.887410583584217
11, 243771992, 10.301318912373992, 0.3121957354738436, 132259.64958646364, 2.2692992078175833
16, 243770516, 10.301318912373992, 0.3121957354738436, 56418.22415497488, 0.017581673617873415
11, 243771992, 10.622891234320548, 0.27702793016921534, 132280.72751753085, 2.007168556436282
16, 243770516, 10.622891234320548, 0.27702793016921534, 56665.809700789934, 0.013862744297439222
27, 243778457, 10.622891234320548, 0.27702793016921534, 50273.045518189894, 1.4257050336167771
2, 243778457, 10.944463556269953, 0.24334006695300192, 50287.768012247099, 4.1173694476628269
11, 243771992, 10.944463556269953, 0.24334006695300192, 132305.29973679018, 2.6034301325087199
16, 243770516, 10.944463556269953, 0.24334006695300192, 56943.621640909158, 0.0209675045921363
2, 243778457, 11.266035878219233, 0.21102399041679587, 50337.990390586507, 1.0626040961132364
12, 243771992, 11.266035878219233, 0.21102399041679587, 132327.14705241343, 1.0857194317745742
16, 243770516, 11.266035878219233, 0.21102399041679587, 57250.682215792549, 0.01371363601541083
2, 243778457, 11.587608200167907, 0.17998281181186937, 50393.694633887877, 3.1645589820735269
12, 243771992, 11.587608200167907, 0.17998281181186937, 132351.9276466567, 3.2690270838804572
16, 243770516, 11.587608200167907, 0.17998281181186937, 57591.984410632067, 0.085801192719383523
2, 243778457, 11.909180522117344, 0.15012946655103998, 50440.458788936216, 2.2800127282787361
12, 243771992, 11.909180522117344, 0.15012946655103998, 132368.43735692228, 2.9813852048751008
16, 243770516, 11.909180522117344, 0.15012946655103998, 57960.804124984614, 0.022525408195339144
2, 243778457, 12.230752844066306, 0.12138548791284665, 50458.026402966374, 1.1806889398335099
13, 243771992, 12.230752844066306, 0.12138548791284665, 132383.33616827358, 1.9163246350267289
16, 243770516, 12.230752844066306, 0.12138548791284665, 58353.707178826488, 0.014012140731667479
2, 243778457, 12.55232516601599, 0.09367995987432809, 50474.435932951201, 2.2620916470807813
13, 243771992, 12.55232516601599, 0.09367995987432809, 132398.53952767834, 2.478695487075933
16, 243770516, 12.55232516601599, 0.09367995987432809, 58771.703389387534, 0.05174966603719975
2, 243771992, 12.873897487965461, 0.06694861913228611, 132411.6270795539, 2.1783430239569945
2, 243778457, 12.873897487965461, 0.06694861913228611, 50497.970284502095, 10.046164661457345
15, 243770516, 12.873897487965461, 0.06694861913228611, 59090.11238647288, 0.026156794984776958
2, 243771992, 13.195469809914856, 0.04113308198730925, 132433.40226537504, 3.3185225028806924
2, 243778457, 13.195469809914856, 0.04113308198730925, 50512.568555011181, 2.4892225706351638
16, 243770516, 13.195469809914856, 0.04113308198730925, 59319.541258207042, 0.042737206671888586
2, 243771992, 13.51704213186467, 0.01618017622175505, 132455.04922043683, 3.1712486191723839
2, 243778457, 13.51704213186467, 0.01618017622175505, 50533.951034131831, 3.8667136118151166
16, 243770516, 13.51704213186467, 0.01618017622175505, 59626.497645598465, 0.032073297690286967
2, 243771992, 13.73142367983014, -4.2942094324871505e-11, 132501.33251013764, 4.4691671037627296
2, 243778457, 13.73142367983014, -4.2942094324871505e-11, 50540.831415812892, 3.7379661530664259
16, 243770516, 13.73142367983014, -4.2942094324871505e-11, 59773.31385062512, 0.019338982129035717
